memory_initialization_radix=16;
memory_initialization_vector=
34020401,
40826000,
34027f30,
8c430000,
34027f04,
ac430000,
34010009,
34027f00,
ac410000,
00000000,
08000c09,
00000000,
00000000,
00000000,
00000000,
00000000,
00000000,
00000000,
00000000,
00000000,
00000000,
00000000,
00000000,
00000000,
00000000,
00000000,
00000000,
00000000,
00000000,
00000000,
00000000,
00000000,
00000000,
00000000,
00000000,
00000000,
00000000,
00000000,
00000000,
00000000,
00000000,
00000000,
00000000,
00000000,
00000000,
00000000,
00000000,
00000000,
00000000,
00000000,
00000000,
00000000,
00000000,
00000000,
00000000,
00000000,
00000000,
00000000,
00000000,
00000000,
00000000,
00000000,
00000000,
00000000,
00000000,
00000000,
00000000,
00000000,
00000000,
00000000,
00000000,
00000000,
00000000,
00000000,
00000000,
00000000,
00000000,
00000000,
00000000,
00000000,
00000000,
00000000,
00000000,
00000000,
00000000,
00000000,
00000000,
00000000,
00000000,
00000000,
00000000,
00000000,
00000000,
00000000,
00000000,
00000000,
00000000,
00000000,
00000000,
00000000,
00000000,
00000000,
00000000,
00000000,
00000000,
00000000,
00000000,
00000000,
00000000,
00000000,
00000000,
00000000,
00000000,
00000000,
00000000,
00000000,
00000000,
00000000,
00000000,
00000000,
00000000,
00000000,
00000000,
00000000,
00000000,
00000000,
00000000,
00000000,
00000000,
00000000,
00000000,
00000000,
00000000,
00000000,
00000000,
00000000,
00000000,
00000000,
00000000,
00000000,
00000000,
00000000,
00000000,
00000000,
00000000,
00000000,
00000000,
00000000,
00000000,
00000000,
00000000,
00000000,
00000000,
00000000,
00000000,
00000000,
00000000,
00000000,
00000000,
00000000,
00000000,
00000000,
00000000,
00000000,
00000000,
00000000,
00000000,
00000000,
00000000,
00000000,
00000000,
00000000,
00000000,
00000000,
00000000,
00000000,
00000000,
00000000,
00000000,
00000000,
00000000,
00000000,
00000000,
00000000,
00000000,
00000000,
00000000,
00000000,
00000000,
00000000,
00000000,
00000000,
00000000,
00000000,
00000000,
00000000,
00000000,
00000000,
00000000,
00000000,
00000000,
00000000,
00000000,
00000000,
00000000,
00000000,
00000000,
00000000,
00000000,
00000000,
00000000,
00000000,
00000000,
00000000,
00000000,
00000000,
00000000,
00000000,
00000000,
00000000,
00000000,
00000000,
00000000,
00000000,
00000000,
00000000,
00000000,
00000000,
00000000,
00000000,
00000000,
00000000,
00000000,
00000000,
00000000,
00000000,
00000000,
00000000,
00000000,
00000000,
00000000,
00000000,
00000000,
00000000,
00000000,
00000000,
00000000,
00000000,
00000000,
00000000,
00000000,
00000000,
00000000,
00000000,
00000000,
00000000,
00000000,
00000000,
00000000,
00000000,
00000000,
00000000,
00000000,
00000000,
00000000,
00000000,
00000000,
00000000,
00000000,
00000000,
00000000,
00000000,
00000000,
00000000,
00000000,
00000000,
00000000,
00000000,
00000000,
00000000,
00000000,
00000000,
00000000,
00000000,
00000000,
00000000,
00000000,
00000000,
00000000,
00000000,
00000000,
00000000,
00000000,
00000000,
00000000,
00000000,
00000000,
00000000,
00000000,
00000000,
00000000,
00000000,
00000000,
00000000,
00000000,
00000000,
00000000,
00000000,
00000000,
00000000,
00000000,
00000000,
00000000,
00000000,
00000000,
00000000,
00000000,
00000000,
00000000,
00000000,
00000000,
00000000,
00000000,
00000000,
00000000,
00000000,
00000000,
00000000,
00000000,
00000000,
00000000,
00000000,
00000000,
00000000,
00000000,
00000000,
00000000,
00000000,
00000000,
00000000,
00000000,
00000000,
00000000,
00000000,
00000000,
00000000,
00000000,
00000000,
00000000,
00000000,
00000000,
00000000,
00000000,
00000000,
00000000,
00000000,
00000000,
00000000,
00000000,
00000000,
00000000,
00000000,
00000000,
00000000,
00000000,
00000000,
00000000,
00000000,
00000000,
00000000,
00000000,
00000000,
00000000,
00000000,
00000000,
00000000,
00000000,
00000000,
00000000,
00000000,
00000000,
00000000,
00000000,
00000000,
00000000,
00000000,
00000000,
00000000,
00000000,
00000000,
00000000,
00000000,
00000000,
00000000,
00000000,
00000000,
00000000,
00000000,
00000000,
00000000,
00000000,
00000000,
00000000,
00000000,
00000000,
00000000,
00000000,
00000000,
00000000,
00000000,
00000000,
00000000,
00000000,
00000000,
00000000,
00000000,
00000000,
00000000,
00000000,
00000000,
00000000,
00000000,
00000000,
00000000,
00000000,
00000000,
00000000,
00000000,
00000000,
00000000,
00000000,
00000000,
00000000,
00000000,
00000000,
00000000,
00000000,
00000000,
00000000,
00000000,
00000000,
00000000,
00000000,
00000000,
00000000,
00000000,
00000000,
00000000,
00000000,
00000000,
00000000,
00000000,
00000000,
00000000,
00000000,
00000000,
00000000,
00000000,
00000000,
00000000,
00000000,
00000000,
00000000,
00000000,
00000000,
00000000,
00000000,
00000000,
00000000,
00000000,
00000000,
00000000,
00000000,
00000000,
00000000,
00000000,
00000000,
00000000,
00000000,
00000000,
00000000,
00000000,
00000000,
00000000,
00000000,
00000000,
00000000,
00000000,
00000000,
00000000,
00000000,
00000000,
00000000,
00000000,
00000000,
00000000,
00000000,
00000000,
00000000,
00000000,
00000000,
00000000,
00000000,
00000000,
00000000,
00000000,
00000000,
00000000,
00000000,
00000000,
00000000,
00000000,
00000000,
00000000,
00000000,
00000000,
00000000,
00000000,
00000000,
00000000,
00000000,
00000000,
00000000,
00000000,
00000000,
00000000,
00000000,
00000000,
00000000,
00000000,
00000000,
00000000,
00000000,
00000000,
00000000,
00000000,
00000000,
00000000,
00000000,
00000000,
00000000,
00000000,
00000000,
00000000,
00000000,
00000000,
00000000,
00000000,
00000000,
00000000,
00000000,
00000000,
00000000,
00000000,
00000000,
00000000,
00000000,
00000000,
00000000,
00000000,
00000000,
00000000,
00000000,
00000000,
00000000,
00000000,
00000000,
00000000,
00000000,
00000000,
00000000,
00000000,
00000000,
00000000,
00000000,
00000000,
00000000,
00000000,
00000000,
00000000,
00000000,
00000000,
00000000,
00000000,
00000000,
00000000,
00000000,
00000000,
00000000,
00000000,
00000000,
00000000,
00000000,
00000000,
00000000,
00000000,
00000000,
00000000,
00000000,
00000000,
00000000,
00000000,
00000000,
00000000,
00000000,
00000000,
00000000,
00000000,
00000000,
00000000,
00000000,
00000000,
00000000,
00000000,
00000000,
00000000,
00000000,
00000000,
00000000,
00000000,
00000000,
00000000,
00000000,
00000000,
00000000,
00000000,
00000000,
00000000,
00000000,
00000000,
00000000,
00000000,
00000000,
00000000,
00000000,
00000000,
00000000,
00000000,
00000000,
00000000,
00000000,
00000000,
00000000,
00000000,
00000000,
00000000,
00000000,
00000000,
00000000,
00000000,
00000000,
00000000,
00000000,
00000000,
00000000,
00000000,
00000000,
00000000,
00000000,
00000000,
00000000,
00000000,
00000000,
00000000,
00000000,
00000000,
00000000,
00000000,
00000000,
00000000,
00000000,
00000000,
00000000,
00000000,
00000000,
00000000,
00000000,
00000000,
00000000,
00000000,
00000000,
00000000,
00000000,
00000000,
00000000,
00000000,
00000000,
00000000,
00000000,
00000000,
00000000,
00000000,
00000000,
00000000,
00000000,
00000000,
00000000,
00000000,
00000000,
00000000,
00000000,
00000000,
00000000,
00000000,
00000000,
00000000,
00000000,
00000000,
00000000,
00000000,
00000000,
00000000,
00000000,
00000000,
00000000,
00000000,
00000000,
00000000,
00000000,
00000000,
00000000,
00000000,
00000000,
00000000,
00000000,
00000000,
00000000,
00000000,
00000000,
00000000,
00000000,
00000000,
00000000,
00000000,
00000000,
00000000,
00000000,
00000000,
00000000,
00000000,
00000000,
00000000,
00000000,
00000000,
00000000,
00000000,
00000000,
00000000,
00000000,
00000000,
00000000,
00000000,
00000000,
00000000,
00000000,
00000000,
00000000,
00000000,
00000000,
00000000,
00000000,
00000000,
00000000,
00000000,
00000000,
00000000,
00000000,
00000000,
00000000,
00000000,
00000000,
00000000,
00000000,
00000000,
00000000,
00000000,
00000000,
00000000,
00000000,
00000000,
00000000,
00000000,
00000000,
00000000,
00000000,
00000000,
00000000,
00000000,
00000000,
00000000,
00000000,
00000000,
00000000,
00000000,
00000000,
00000000,
00000000,
00000000,
00000000,
00000000,
00000000,
00000000,
00000000,
00000000,
00000000,
00000000,
00000000,
00000000,
00000000,
00000000,
00000000,
00000000,
00000000,
00000000,
00000000,
00000000,
00000000,
00000000,
00000000,
00000000,
00000000,
00000000,
00000000,
00000000,
00000000,
00000000,
00000000,
00000000,
00000000,
00000000,
00000000,
00000000,
00000000,
00000000,
00000000,
00000000,
00000000,
00000000,
00000000,
00000000,
00000000,
00000000,
00000000,
00000000,
00000000,
00000000,
00000000,
00000000,
00000000,
00000000,
00000000,
00000000,
00000000,
00000000,
00000000,
00000000,
00000000,
00000000,
00000000,
00000000,
00000000,
00000000,
00000000,
00000000,
00000000,
00000000,
00000000,
00000000,
00000000,
00000000,
00000000,
00000000,
00000000,
00000000,
00000000,
00000000,
00000000,
00000000,
00000000,
00000000,
00000000,
00000000,
00000000,
00000000,
00000000,
00000000,
00000000,
00000000,
00000000,
00000000,
00000000,
00000000,
00000000,
00000000,
00000000,
00000000,
00000000,
00000000,
00000000,
00000000,
00000000,
00000000,
00000000,
00000000,
00000000,
00000000,
00000000,
00000000,
00000000,
00000000,
00000000,
00000000,
00000000,
00000000,
00000000,
00000000,
00000000,
00000000,
00000000,
00000000,
00000000,
00000000,
00000000,
00000000,
00000000,
00000000,
00000000,
00000000,
00000000,
00000000,
00000000,
00000000,
00000000,
00000000,
00000000,
00000000,
00000000,
00000000,
00000000,
00000000,
00000000,
00000000,
00000000,
00000000,
00000000,
00000000,
00000000,
00000000,
00000000,
00000000,
00000000,
00000000,
00000000,
00000000,
00000000,
00000000,
00000000,
00000000,
00000000,
00000000,
00000000,
00000000,
00000000,
00000000,
00000000,
00000000,
00000000,
00000000,
00000000,
00000000,
00000000,
00000000,
00000000,
00000000,
00000000,
00000000,
00000000,
00000000,
00000000,
00000000,
00000000,
00000000,
00000000,
00000000,
00000000,
00000000,
00000000,
00000000,
00000000,
00000000,
00000000,
00000000,
00000000,
00000000,
00000000,
00000000,
00000000,
00000000,
00000000,
00000000,
00000000,
00000000,
00000000,
00000000,
00000000,
00000000,
00000000,
00000000,
00000000,
00000000,
00000000,
00000000,
00000000,
00000000,
00000000,
00000000,
00000000,
00000000,
00000000,
00000000,
00000000,
00000000,
00000000,
00000000,
00000000,
00000000,
00000000,
00000000,
00000000,
00000000,
00000000,
00000000,
00000000,
00000000,
00000000,
00000000,
00000000,
00000000,
00000000,
00000000,
00000000,
00000000,
00000000,
00000000,
00000000,
00000000,
00000000,
00000000,
00000000,
00000000,
00000000,
00000000,
00000000,
00000000,
00000000,
00000000,
00000000,
00000000,
00000000,
00000000,
00000000,
00000000,
00000000,
00000000,
00000000,
00000000,
00000000,
00000000,
00000000,
00000000,
00000000,
00000000,
00000000,
00000000,
00000000,
00000000,
00000000,
00000000,
00000000,
00000000,
00000000,
00000000,
00000000,
00000000,
00000000,
00000000,
00000000,
00000000,
00000000,
00000000,
00000000,
00000000,
00000000,
00000000,
00000000,
00000000,
00000000,
00000000,
00000000,
00000000,
00000000,
00000000,
00000000,
00000000,
00000000,
00000000,
00000000,
00000000,
00000000,
00000000,
00000000,
00000000,
00000000,
00000000,
00000000,
00000000,
00000000,
00000000,
00000000,
00000000,
34027f30,
8c430000,
34027f04,
ac430000,
34047f04,
34057f2c,
8c860000,
8ca70000,
00c74021,
34097f44,
ad280000,
34010009,
34027f00,
ac410000,
42000018,
00000000;


